25691112
25693406
27643773
27645788
27646569
27649087
27658059
27680562
27680698
27684689
27689289
27689668
27689755
27697847
27701562
27702684
27711049
27721423
27724974
27740956
27748522
27757173
27811896
27829496
28868888
30440274
31593226
32044865
32045450
32052371
32054121
32057128
32087054
32088564
32089007
32090735
32091029
32092669
32093786
32486436
32487846
32504821
32810110
34109168
34111785
34112626
34116442
34181025
34181849
34184790
34190703
34192762
34200638
34202524
34460947
34746384
34824980
34898799
34919821
34920197
34921302
34922219
34922982
34923661
34925501
34947080
34951692
34958326
34963176
36661178
37542294
37698833
38281879
38346053
38366215
38366665
38520126
38714932
38714947
38715040
38715054
38715177
38715207
38715262
38715281
38737926
38758767
38759845
38761301
38761769
38762492
38762843
38763191
38763526
38763882
38764380
38765078
38765487
38785333
38785471
38785595
38785719
38785831
38786119
38786247
38786368
38786496
38786649
38786817
38786971
38789918
38790297
38790725
38798259
38808103
38811105
38818909
38819032
38819263
38819369
38819464
38819552
38819619
38819800
38819925
38820085
38820270
38820589
38820695
38820777
38820864
38820978
38821266
38821387
38821467
38823546
38823882
38823883
38824055
38824080
38824096
38824488
38824530
38824777
38824854
38824967
38824979
38825064
38825097
38825245
38825366
38825441
38825492
38825717
38825899
38825947
38826057
38826490
38826603
38828941
38829271
38829358
38829987
38831095
38831409
38832096
38834668
38834925
38835274
38835501
38852477
38852837
38852920
38852935
38853116
38853168
38854942
38855433
38855815
38856026
38856477
38856662
38856990
38859444
38859725
38860268
38861092
38861866
38862406
38862987
38863306
38863630
38863810
38872656
38919209
38919340
38919485
38919614
38919932
38919972
38920191
38920394
38920674
38920936
38921149
38921234
38921655
38926513
38929589
38930345
38957681
38959331
38959958
38960228
38960749
38962519
38964650
38966105
38967637
38968257
38968768
38981629
38983033
38983269
38983271
38983272
38983273
38983720
38984584
38984931
38986207
38986393
38986802
38986970
38986971
38986983
38988379
38988572
38989213
38989867
38992216
38992278
39119282
39396267
39403843
39558257
39586100
39649795
39650447
39654438
39660238
39660326
39660339
39660879
39660918
39660958
39661000
39661041
39661070
39661131
39661160
39661252
39661298
39661463
39661557
39661570
39661596
39661620
39661643
39661680
39661736
39661881
39661998
39662024
39662099
39662181
39662327
39663420
39663449
39663672
39663902
39664017
39664027
39664167
39664279
39664340
39664402
39664576
39664669
39664715
39664739
39664796
39664875
39664926
39664984
39666426
39672063
39672136
39672156
39672175
39672199
39672228
39672256
39672354
39672389
39672499
39672545
39672707
39672733
39672756
39673036
39673063
39673103
39673153
39673211
39673260
39673603
39674088
39674175
39674241
39674308
39674364
39674452
39674532
39674806
39674883
39676170
39676226
39676366
39677026
39677436
39677503
39677546
39677659
39677727
39678338
39678807
39679199
39679360
39698315
39698899
39771380
39829175
40566010
40603817
40726568
40840855
40845657
40849249
40849307
40877435
40877470
40879116
40892163
40901774
40911287
40914945
40983339
40985307
41138814
41139019
41139197
41140116
41140409
41213832
41214194
41214575
41215177
41215767
41216016
41216505
41217391
41217631
41217972
41219458
41222433
41376147
41393165
41394248
41394394
41394526
41394669
41395145
41395323
41395610
41397139
41398065
41398631
41411257
41411605
41412419
41415214
41415507
41416216
41416538
41417329
41417697
41463156
41463323
41463483
41463637
41463728
41463908
41464183
41464345
41464602
41464777
41464932
41465055
41465531
41466097
41466284
41466470
41466647
41467134
41467319
41467553
41467847
41468650
41468861
41469036
41469575
41480669
41481865
41482091
41482416
41482818
41482999
41483310
41483782
41483976
41484264
41484529
41499029
42123809
42282927
42283064
42283515
42283539
42283597
42283622
42283657
42283725
42283748
42283777
42289529
42524801
42841384
42844269
42852921
42854132
42856302
42859461
42879552
42904068
42905494
42905623
42907635
42909883
42967048
43011619
43041304
43062704
43069708
43078935
43112795
43112861
43112910
43112951
43113100
43113231
43113363
43113396
43113586
43113588
43113652
43113683
43113887
43121227
43158719
43191277
43191923
43192069
43194919
43198851
43199133
43264449
43287249
43296179
43361588
43417172
43421358
43431754
43432120
43454403
43487790
43488176
43488223
43488270
43488306
43514416
43540268
43540292
43540306
43540308
43540310
43540313
43541358
43545165
43545252
43552231
43556523
43556946
43563415
43587340
43587414
43617426
43617553
43680345
43736266
43739089
43779914
43780334
43780360
43790232
43804191
43844478
43877067
43880656
43927478
43931875
43939640
43956827
43983812
43983943
44023467
44067853
44148697
44240012
44298482
44358180
44358469
44358504
44366208
44373823
44516781
44575023
44718120
44765903
45033847
45306460
45405086
45620101